lastAccountName: Scroobyy
timestamps:
  login: 1568099560557
  logout: 1568099938068
ipAddress: 79.69.144.128
lastlocation:
  world: world
  x: 232.5
  y: 64.0
  z: 57.5
  yaw: 1.5607687
  pitch: 0.0
geolocation: United Kingdom
logoutlocation:
  world: world
  x: 232.1044482370026
  y: 70.0
  z: -124.20450793273433
  yaw: 244.00479
  pitch: 47.73492
